0613 15 302 0880 46 84 30082 19 24 4879 39 27185 32279
1479 5 49 12 71 155 3 44 4306 5 823413791061
2 85 30 3465 876 3 096867605 16712 7 690
4022 381908 31 3 028 
5 643 9388 76 0
740751 5 0 64 751100
89 523 3 04 056 275 59 90 9 6969 17 9 733 
0819 5 7 67564 24 77 583 4 44 45 449 40 1107 41691 75 53 5 37 38585 6477 88 89 80
293 70 5 4 4 454 9 76 77 8 08 5793 18 7871 15035 0 96 1 55 1 1
482 16 9310 189 06 79 83 3 4 799 7 7 8 8 
662 757226 85 4 34 35 523 86 30 4 4273 07 32 299 41 4 893 5 15 46 9 5 6059 2 88557 58 514 151 62 6 645 2 
73 0752 5 66 1 1 91 92 9 3 0280 1436 33 69 71 7 06 0
9395 6 563 4 73 748 7 422 9 30 3111 22 24 7 448 808 
0 14 6 9657 48 49 15510 10 27 28 297 998 8 2 8 08 14 8 96 84 45 7 0 5 88 10 3186 8 62 4814753 1291374 32 42 01 63 91 7 381 35 04 35 
1 56 91 5636314 758 53 4067 578519 6 36 33 39 5 699 24 1211 178 79 8 527867 0
2 2 94 83 8459 638 39 94 51 52 56733 04 05 6 7 6 0 5 07 93 833579 292 3446 5730 8 79 7 68247 4
6675 41 98 1 295 9689 90 33711548 4 8 3
05 255 71 5986 03 643 79
2 5381332 335 8 97 51476 71501 4581 22 2 74 7597 6 17 55 1073 74 95 91 1112 8 57 51 51 62 752 53 54 2 5766 951010 62 814 15 86 87 88
419947 48 1449273 74 75 032 7136 1 343 74 75 1546
69 06 38 72 801 72 73 93 27 76 91 563631600 8845 072 7 73 67 68 636 778 47 48 49 58 1 7 8
8 8581889 038
89 12 49 90664 6 49 24 254
07 46 83 6 77 93 159 6079 80813 82 83 841 4602 3 2 337 68082 9258 3 9 87763 4 8 0223 299 
4 239 8 5 6477 88 843 59 68 4 07 00 422
65 02 19 42 
8 300816 4 578510 48115510 10 272 45 577 74 09 93 159 60793086 8 80
0 4 03 116 0
214 4585 37 48 63 642 93 6 27 25007 9 
474 4098 9006 9 70 71 726 2 46 4733 4 03 506 5 18 1071733 4 03 04 050 35 7 928 79 50 86 810 189 06 79 83 3 44 4098 99 
6693 564 7 4 1066 
8 919 11 1203 9 9 5389 6 0
043 786 1 51 92 93 19 6010
2260 9668 07 3 9 933 337 1 62 63503834 137 908 09 106 349 506 51171 58757 9 996591 88 3 31 256 9 4839 453 0
495 96 68 0 7285 266 874 251 6192 7 77 69 02 03 96005 164169
6092 24 2 7989 90 91 191 92 59 2 2
0 14 76 1552 9 202 37 3 14 4585 37 48 3446 579 9707 006 9 70 71 726 2 46 46 40 85 4 95 909 10 11 12 82 7 0620
2 509655 06 07 00 95 1 1
413 90
677
8 2644 9 08 822 73 67 68 636 778 47 48 49 58 1 7 86 0
88587 96 3 26 0 3579 292 63 64 61 40 52 14 70413 003 5 1 72 0 269 260657 583 54 0 0
011 75 501 2 3 39 5 358 192 978 42 87 6 292 2795 710 8008 1
2132 33 7 300840 64 7510720 910 935 09 67 74 75
408 14 1 2805736 691294 574 2 9 2 6 107 067 68 98943 10 11117 7 29703 03 0
62 81 22 2 77 56 57 58 59 62419 9709 98175 39 6 5 76 77 809 5 061 31656 7 9 6994 51 55 76 77 809 5 061 
81002 623 6 81 794 65 149 632 53 56 39 9025 98
064 80 481468 10 73 1100 0 5 48788 4 89 6 88 59 6 0 52 13 27 283 1 10 7916 905252 0 91 04 6 1 4 8 09 10 11 12 1329 3489 99 101 3 9674 75 16 2385 00 82812 83 2 48 7 3 441 91 53 78 35566 07 3 441 91 53141 7 58 59 00
2 869 9 1 76256751 6 7 4834 3830016 87 88 86 9 2753 541 53 7 6 70 05 072 73 74230 317 4 4 69 
418265 7304 00 22 23 24 17 7912 4 080 31 3262 42 0 41 0296 42 43471 7 56 57 58 59 62419 9709 98794 65 14 88 10 3186 8 62 420
631 6754 54 55 1 553 16 3 64 5 37 38 32812 83 2 48 708 95 42 43 02984 74 2 917 5 66 1 1 91 92 9 3 03 04 04 5 2 39 9025 98
869 2 6 17 55 9946 46 431 234 3 271 1540035 16 13165 800
0 21 8 8836 3 7 6525 36 7 799 76 754 5
2177116 97 96 27 5 06 947169494 91208 4 07 088 59 6 0 31 34 02 24 25 2 23 8 528 211 93 823 9 8 62 4170 4 25
4710 11 12 1329 44 42769 7048634782 13 14 15 820
67 4 52 74 25 2113 1 1245 17546 37 3865 66 5 06 07 08 09 7 90 1 98 78 134 4169 3 1279
031 3 0 79 277 6 14 017 18 13 7 6525 36 
2 53 2405 96 9 413 003 5 3 11 4 
4 17894 1085 050982 90 40
66518024 10 1141 723 74230 311 32
84 419 93 80182 9 4 119638 1381800 62 63 10085 0509822 232 39438 8 892 5320106 0 047 2 3 2907 28 46 48 66 6 27 3 7 74 75
81 1757 35 36 4 35 0 36 171 2237 3 8 3 758 0 50 131 382 83 5 39 69 17 9 733 
0 04 067 68 5878007520 8 092320 38
2 97 51476 715 166 442 08 10 659412 43 144 27 067 688 883 8 5638 297 4 6
48 638 07 9412 43 144 27 4 759730 31 8 6 26 27 273 8 68 
61745389 8829 0 1 23 24 94 95 91 1112 8 57 51 51 62 752 53 54 2 5766 950 77 17 151 537 38 3 89 48419 422 3111 1252 5 6 32 33 3
82620 9 7 6686 8 514 32 63 71 276 94 1
00716 40 83 6 77 640
28 22 99 793 58757 9 93 3 2 54 62 29 33498 274 95 97830 846 83 6674 053 2 910
4100 899 
60 5 3 043 2 3 39 5 358 1457 83 816170
8008 77 617700 8081302 2 42 737 01 80 58780909 2 2 19 472619 8 39 42 23 24 94756
0084 5 41 6 1540035 16 1
2018 533 352 64 65 66 67 683 34 45 7 0 202 3 1395 6 563 4 79 
448 93 13 27 21 80 69 70 71 190 7 21 69 7027719 47 4 78768746 8 55899 
62169 715 3 5 09 8 294 1470
0 39 9 5 2978 4227 28 29 37 510 37 18 8694 52913744 9 48716 4 851 78768746 8 55899 
25356 53 5 7304 00 22 23 2 781 82 884 21 4 18 1131 32 33 32 322 90256 351
4 8 6707 85 40 
661 253 23 8232 1 22 905252 0 91 0 92 85 26 10 794 40
8829 0 1 1 743 74 5 77 6119 68 61 623 749 10 1195 96 68 0 11 178 79 04 03 214985 7 169458 2 06 02 2 42 737 083 16 874 251 63149 56
0613 15 302 0880 4 02 039 5 699 24 1 36 58349 4 555 66 67 09 8 9303 6 66 55 94215 166 442 0 
1479 5 49 12 71 155 3 44 3489 99 101 3 9674 28 79 50 86 8 135 70
2 7 825 2113 90 7 3862 86078449 
48 0 876 3 054 91 99 160 35444 0
5381 35 09230 35444 0
72024 10 1 78 35566 072 202 37 3 8 055234 63 12 132 43471016359 636
897 49 16432113 126 69649 16 4 7 10 1 234 352 53 54 51 053 
03 7623 7813 45849 50 520 
2996591 88 83 841 467 38 39 51 622 90 076 15 6 79 17 6 
482 805386 8 620 2 24 75 7677 6 173 4 1 72
6 171 05290722 23265 5676 84 3
737 2 49 59696 16 1420 0
901060025 6 6 98 11548 2492 90
0 14 75 4 41 32 33 3 34689 5854 017 18 714 1546
1 57 09 7 9 3 6674 053 3076 15 6 79 2 49 59696 9 30 31 8 09 10 11 12 82 83 848 82 97 98 31 256 9 4839 45 24 2 7989 90 91 191 92 5 49 5878 29 9 2 13 749 516 91
22 20 98 3 758 0 5101002 86 8 51485068 53 7 110439 71 
66731 6 9 2753 541 185 30 3465 7066
05 86 66 5
25 6 36256751 6 76 77 1
4 553 7 902 63 71 29 636
69 06 38 72 801 72 73 95 7 1694588 29 31 4
8 858188 74215 3 54 5
89770016 87 88 7 68148 2 352 3149 52 2 1
06 46 4311 0751 52 5 6 84 38603 4 85 76 1552 9 232 040 044 5744 0513 643 79
4 23 24 77 583 4 44 45 449 403 23 86813 45849 50 51 40 52 14 70 49 16432113 126 69649 16 4 7 10 11 88 91 17 3203 4 9087219 4001 33 97 4854 052 84 02 903 107 08 0
603 7 3668 7 8 9 5 97 986 0 1457 83 842 1327 11 584 85 3 6927719 478
8 0 7 66623 6 040
018 533 352 64 65 66 67 68 86778 25 58 67 0
25 85 54 15 8 0
46 
6 28 06 881 32
8 9 86 87 88
0635 36 7 6 70 0 9 6 6 4 5 6 6 8 06 80
2260 9668 63 72
4 4 893 5 15 46 9 5 66905974 050 35 7 96 9657 48 49 40 9707 9 
6053 6 58 144 8 8560
0 14 85 86 9417 448 8002 24 25 26 30 8 79 7 68247 4 055234 6350 9 757 35 36 4 35 36 37 38 398943 10 11117 83 
2 509655 06 07 00 91 92 9314983 27 77 78 794 956 699 71 65 690 40
42 56733 04 05 68
69 8 62 127 753 6 92 23233 3 3 07 32 299574 5 032 7136 1 08 6 6 75 
8 9 70 5 07 93 8308 10 65 81 8 7 2
88587 9 29 39 7 18 3168 9 719 4 067 4794 956 69 54 0 0
01 3 1 42 01 63 9 02 03 04 056 275 5 06 9 28 343 94 5 45 577 7
213 35 97 064 510 37 183 37 87983 8429 35675 
40 0223 2 043 4592 9 05 72 37 87 
62 92 9 05 72 3791 17 3203 4 9087219 4001 33 97 4854 052 84 02 903 36 69 4 03 086 8 80
810 2 83 5 
06128 297 998 8 2 8 08 14 8 96 84 561 32 32 334 32 31 7487 166 23 84592169 78 69059 45 4
2 869 90 7 879 11 12454 25909 2 2 19 47261 8 29 31 49 6 6 4 19 4 6 75422
418 8964 6 1 4 7 38 09 106 70 84 5231 0 28 343 94 5 56 351
631 6754 54 55 84 91 62 6 645 2 4 5 25 6 230
82 3 9 933 337 1 62 63 7 33 3 69 70486349 4 555 66 67 582341379 85 40 
0386 82 93 6 27 25007 88 89 53 491 9 0 48 90 4 5617 68082 9258 3 927 28 896 9291 532 03220
2177116 97 96 27 09 8 9303 6 66 55 9 8 559 632 53 
4 45 7 2492 9 80
6722739438 8 92 943 
05 4 4 482 0 88491 9 0 48 9 1 7 42
2 53 2405 96 99 39 52 53 54 55 39 6 1 532 81 62 757226 85 47355 56 8 82 97 9808 76 12 1 
4 1789 7
607 17 151 537 38 3 89 48419 422 3111 125 2 12 5 3668 69 02 03 94 919 11 12 286 3 26 00692 59 45 4
8302 83 65 6 230
81 1280 14376 71 69 70 159 68 612 884 21 4 18 11 25 227040 48 14 1 28057107 08 0
02095 89 2 81 65 65 97 1 98 78 18 93 2 10
206 0 5 2 3 2907 28 46 48 66 6 27 28 2100
48 638 07 87326 2713 9875 47169494 892 53201 2 0624 
629700
82620 9306 5 06 51855 4169 207 35 97 064 7 4 1066 
042 0 41 0296 089 22 99 793 2237 38 1 295 968 06 9 95 14 49 50 9 3 8 527066
28759 24 418 3168 9 768 10 71 72 73 74 72 9 2422 9 30 311 8 7546 37 3865 66 5 06 07 019638 1381800 62 63 10328 
41 4 73 748 7 65 49 5878 29 9 2 13 7 2 54 62 29 33498 274 95 97830 846 81 22 23 2729 11 499 50 51 1 29 35675 
6 5381332 335 806 0 5 15 16 4 851 
875 0 10 11 9 9 1 2 067 68 9 51 62 334 32 31 7487 166 20 0 55 96 26 27 273 86 12 1 
0008 095 89 20
2 12 4 4 69 
448 937288557 56 3 6477 789994 95 42 43 0298431 0 95 14 49 12 13 147 8067 402 71 69 70 15 18 560784 044 5744 051192 93 03 0
68313 56
0 0898 2 352 53 55 0 93 862 9109 42 32 33 3 34689 58573 4 7700 3190664 6 49 24 254
25356 5638 297 4 2009 9 37 5 88 1 7
4 8 6707302 83 84 2729 11 499 50 51 171 7 6131 3101060290
671 9 0 16 99 2615377 78999482 58 59 00
8 87326 270
